"1","2","3"
0.0788066168724573,0.0213372045112575,0.899856178616285
0.267712888621202,0.0568888909973775,0.675398220381421
0.3600397698826,0.0567335219008563,0.583226708216543
0.135920871133723,0.0472440211756606,0.816835107690616
0.0840063170746116,0.0184058175212073,0.897587865404181
0.600289326250388,0.103647448662407,0.296063225087205
0.111713749942573,0.0210769033248273,0.867209346732599
0.403764738762371,0.128333517860526,0.467901743377103
0.01197077134558,0.00345394910414948,0.98457527955027
0.495021234373449,0.0777081248478913,0.427270640778659
4.30153563603723e-05,1.10686055950308e-05,0.999945916038045
0.177380280014669,0.0575567519048743,0.765062968080456
0.0183810540247646,0.00545530393085946,0.976163642044376
0.26157080603555,0.0417634418972768,0.696665752067174
0.641047408196769,0.162522911929157,0.196429679874073
0.199029371835679,0.0908948703820565,0.710075757782265
0.290813427078211,0.058924385935236,0.650262186986553
0.963307310613462,0.0147477556204792,0.0219449337660593
0.0391448874181923,0.00922229000535339,0.951632822576454
0.0206437774828568,0.00467988986804734,0.974676332649096
0.246846200547477,0.0823171741534476,0.670836625299075
0.183441461209787,0.0425261563733178,0.774032382416895
0.129409041937685,0.0463987286836785,0.824192229378637
0.364596275465857,0.0855458239470548,0.549857900587088
0.845221446664518,0.049015026623856,0.105763526711626
0.177035361833015,0.0784871881695515,0.744477449997434
0.775033523987167,0.0815725463292784,0.143393929683554
0.0301186081668424,0.0076358060643073,0.96224558576885
0.133390567640441,0.0533889994772786,0.813220432882281
0.858399764216327,0.063132903400457,0.078467332383216
0.0673992517042208,0.0227684311033676,0.909832317192412
0.643473762509797,0.0779102025104105,0.278616034979792
0.11350862873119,0.0363261372176182,0.850165234051192
0.0164868705908978,0.00486661698880797,0.978646512420294
0.193467349244081,0.0643548333443906,0.742177817411529
0.576318464680269,0.0588485737210313,0.3648329615987
0.184979183029059,0.0820266208545801,0.73299419611636
0.31563021234034,0.0631202737995845,0.621249513860076
0.115366991857224,0.0438734113651402,0.840759596777636
0.53618614860117,0.0909412685049274,0.372872582893903
0.6048255961337,0.0818427355878119,0.313331668278488
0.235645387644351,0.0772307837338746,0.687123828621774
0.511970167104074,0.118976010825285,0.369053822070641
0.505084107276307,0.0607708385902893,0.434145054133404
0.639507936237193,0.0860755268667375,0.274416536896069
0.528967082785396,0.113070637401074,0.35796227981353
0.265815345204442,0.0508823277715654,0.683302327023993
0.691301419874893,0.0576651778764165,0.25103340224869
0.504063452967878,0.0901318723865898,0.405804674645533
0.0659585022312303,0.0203697920286638,0.913671705740106
0.0777730478100923,0.0175177057628055,0.904709246427102
0.134859363987658,0.0506974663707324,0.81444316964161
0.124995549319993,0.0369474417709101,0.838057008909097
0.0737502249447151,0.0176667176639359,0.908583057391349
0.655284869247626,0.193669378093424,0.151045752658951
0.0580947048772282,0.0195390578185399,0.922366237304232
0.0334903417658054,0.00991769440764214,0.956591963826552
0.315700311337259,0.642118541334152,0.0421811473285885
0.0122574824483393,0.0034844699644549,0.984258047587206
0.100184860609955,0.0280471670715432,0.871767972318502
0.896026026581141,0.0745104487522101,0.0294635246666486
0.00483277371678077,0.00128481339379428,0.993882412889425
0.0772236791918485,0.024846603802152,0.897929717005999
0.219399704990148,0.0672735303839777,0.713326764625874
0.472863056303064,0.101566744435074,0.425570199261862
0.13884008485589,0.0343166044064623,0.826843310737647
0.660146719050766,0.0802754375863533,0.25957784336288
0.366660191222637,0.0787906537976958,0.554549154979668
0.0517319059057496,0.0124270104574876,0.935841083636763
0.475198208275089,0.186881520924832,0.33792027080008
0.631406232162853,0.200608039383857,0.16798572845329
0.461220709371924,0.0786994633442972,0.460079827283779
0.134115562186659,0.054160128677685,0.811724309135656
0.473441933462223,0.0785453429771318,0.448012723560645
0.136006183149416,0.0550276944001341,0.808966122450449
0.0744154191278186,0.022115411393591,0.903469169478591
0.502603396684713,0.124682351066369,0.372714252248917
0.344824238043426,0.0727186476435777,0.582457114312996
0.0970232319098083,0.0359326966243276,0.867044071465864
0.815335061046871,0.057285283340094,0.127379655613035
0.0600566033835713,0.0163252076650625,0.923618188951366
0.212464226564615,0.0350735261944164,0.752462247240968
0.165102218491062,0.0704721698483867,0.764425611660551
0.0601878047655242,0.0184479002306777,0.921364295003798
0.120013887408272,0.0411624967384088,0.83882361585332
0.273022857620478,0.0871998091172151,0.639777333262307
0.0649567312044463,0.0208075053049202,0.914235763490634
0.0198416626824721,0.00592925202380617,0.974229085293722
0.259216157889901,0.0435227587531571,0.697261083356941
0.427846924460022,0.521042794588147,0.051110280951831
0.13581782437188,0.0533822641334949,0.810799911494625
0.0595710284845576,0.0122060369180056,0.928222934597437
0.138565074863271,0.0265605983112577,0.834874326825471
0.044317601091267,0.0108712382136173,0.944811160695116
0.109635356670688,0.0257318836257582,0.864632759703554
0.137117549268123,0.0557401332959354,0.807142317435942
0.24972684499011,0.0633071878827818,0.686965967127108
0.214814022689776,0.0473004322364541,0.73788554507377
0.545086227111785,0.180083312332911,0.274830460555305
0.832734300786227,0.0486724185963946,0.118593280617378
0.00515002628860711,0.99364529535194,0.00120467835945324
0.107359321229696,0.870883288132521,0.0217573906377832
0.134012096602024,0.817454039381878,0.048533864016098
0.745452578064977,0.20783325439068,0.0467141675443433
0.111121324749825,0.853435053240688,0.0354436220094863
0.115379482297163,0.842633507973552,0.0419870097292854
0.104396186380292,0.863759419489829,0.0318443941298792
0.741823915553595,0.119126141365143,0.139049943081263
0.518403888675293,0.423760482621779,0.0578356287029277
0.607382219881302,0.0592198463105338,0.333397933808164
0.0647989329713777,0.914296514281354,0.0209045527472681
0.48697128488396,0.447718121341186,0.0653105937748535
0.274627093426745,0.686702572087095,0.03867033448616
0.11591180655883,0.842436203777173,0.0416519896639965
0.575456526900246,0.361479259750425,0.0630642133493298
0.754216090601104,0.198311228558199,0.0474726808406968
0.150622155376876,0.797430290104057,0.0519475545190677
0.149199145246635,0.81528201137566,0.0355188433777056
0.0100303799031092,0.987532293408354,0.00243732668853633
0.812087246215986,0.142875533717573,0.0450372200664408
0.670654984062125,0.27692481694923,0.0524201989886456
0.0473834750319886,0.938107957043646,0.0145085679243656
0.0753990558830577,0.907562640048976,0.0170383040679666
0.133743220326525,0.833690722942225,0.0325660567312503
0.159704836810801,0.797396524560405,0.0428986386287947
0.250558615823003,0.707072615919848,0.042368768257149
0.457151861355406,0.27055850873903,0.272289629905564
0.037722287764883,0.951225987089724,0.0110517251453936
0.961466927883284,0.0185355073076231,0.0199975648090929
0.0300592464562488,0.963804349079281,0.00613640446446953
0.570977331214021,0.371293916194025,0.0577287525919543
0.0682559933567447,0.918393134974424,0.0133508716688311
0.722297978840956,0.175873876611604,0.101828144547441
0.0544956366953506,0.928451529367821,0.0170528339368288
0.763793724834603,0.166135187832997,0.0700710873324001
0.149854512111306,0.790577506671914,0.0595679812167804
0.198513648187577,0.713609563279895,0.0878767885325287
0.0175727408088121,0.977839278788884,0.00458798040230402
0.1574350751006,0.779836256358409,0.0627286685409916
0.147313774280228,0.796212928369688,0.056473297350084
0.0830532708009115,0.897550562907827,0.0193961662912612
0.143964668154902,0.82861501998103,0.0274203118640686
0.998869958491593,0.000605637249106369,0.000524404259300106
0.477788357720152,0.437427189761302,0.0847844525185458
0.868150421205097,0.0806108560938993,0.0512387227010034
0.602846387482331,0.344606231331546,0.0525473811861232
0.273702682837357,0.654520716705892,0.0717766004567513
0.0543320077712207,0.929900788630185,0.0157672035985941
0.69248611271631,0.256320787030249,0.0511931002534412
0.0687336921779273,0.909286283332271,0.0219800244898012
0.0715913520285677,0.909900318297623,0.0185083296738092
0.0460060273163144,0.939929449417013,0.0140645232666727
0.04334776463342,0.94364257042434,0.0130096649422398
0.22882422069201,0.689783597881309,0.0813921814266807
0.102344289316564,0.876010662528821,0.0216450481546145
0.000295684979758784,0.999633180114955,7.11349052855326e-05
0.139992145986652,0.836838815806135,0.0231690382072125
0.878975944990848,0.0635495408840424,0.0574745141251092
0.00289032492495624,0.996373919357502,0.000735755717541941
0.0136104065793793,0.983447629236412,0.00294196418420846
0.89713237131502,0.041343467392734,0.0615241612922458
0.271612311463837,0.688690176781024,0.0396975117551397
0.143854746281416,0.828342469924696,0.027802783793889
0.0180595915185918,0.978079445032283,0.00386096344912539
0.219721104183755,0.738820927169559,0.0414579686466862
0.892715658993515,0.0771839267420052,0.0301004142644793
0.0562197964762097,0.929927035829671,0.013853167694119
0.105981720308891,0.856193677508349,0.03782460218276
0.0612300440193023,0.919437186283433,0.0193327696972646
0.474905205534976,0.47457398064845,0.0505208138165738
0.568195118551878,0.379124832684938,0.0526800487631838
0.149010942838067,0.825527909398809,0.025461147763124
0.120336102424688,0.835235836852984,0.0444280607223276
0.119064498655329,0.837768574199123,0.0431669271455488
0.834299417343875,0.126684231591517,0.0390163510646079
0.516458005729812,0.379947731969793,0.103594262300394
0.00487299785924729,0.994004897141507,0.00112210499924528
0.711941436790066,0.15970956853243,0.128348994677504
0.183547357352991,0.787478765167077,0.0289738774799323
0.109720140465318,0.850686687377781,0.0395931721569005
0.0814763844620803,0.89357904999408,0.0249445655438401
0.370208239651207,0.570980943820778,0.0588108165280144
0.512263771893831,0.417965727565684,0.0697705005404853
0.659227565352495,0.288935036182465,0.0518373984650397
0.497433936562422,0.451488030934704,0.051078032502874
0.776956558023995,0.165118196478442,0.0579252454975633
0.372731828313083,0.58116311654436,0.0461050551425569
0.333457429682215,0.607264023486837,0.0592785468309483
0.197533036588181,0.713502500707065,0.0889644627047535
0.14317747494958,0.823379927846729,0.033442597203691
0.529768272992977,0.414185833272577,0.0560458937344457
0.821299291634168,0.108672094243656,0.0700286141221759
0.351980633122512,0.603894423631348,0.0441249432461401
0.00725869973951558,0.990830944126877,0.0019103561336076
0.0384165505069792,0.953006908751064,0.00857654074195692
0.531609593977134,0.111773442396168,0.356616963626698
0.178214531401954,0.747477726604524,0.0743077419935215
0.8422781083519,0.12012487989486,0.0375970117532399
0.320619993609394,0.624178991777198,0.0552010146134075
0.0377103395868934,0.954750975952885,0.00753868446022166
0.669333481203145,0.215732913761988,0.114933605034867
0.739694981406486,0.155002678901085,0.105302339692429
0.785137716918899,0.104277427645414,0.110584855435687
0.703288663576552,0.237550565894259,0.0591607705291884
0.673790793064499,0.233298848695125,0.0929103582403761
0.883301530583662,0.0847826821038564,0.0319157873124813
0.997112786333582,0.0015881921206832,0.00129902154573422
0.969596305710283,0.0182401355131857,0.012163558776531
0.968088604501638,0.0130147297774461,0.0188966657209159
0.723071383380049,0.226946145195687,0.0499824714242644
0.624937674788444,0.268726156176137,0.106336169035419
0.885681654103811,0.0778516826042818,0.0364666632919072
0.738500209679095,0.212626985099032,0.0488728052218731
0.756458507416807,0.197486340164028,0.0460551524191654
0.974132994897972,0.0156688440712377,0.0101981610307903
0.808547258986371,0.140013951583543,0.0514387894300856
0.805651058596689,0.0496091862860117,0.144739755117299
0.819528482174574,0.129053610082548,0.051417907742878
0.768947195753256,0.0778269848117862,0.153225819434958
0.875311715823521,0.0737282481365368,0.0509600360399421
0.661472060730146,0.168275331070804,0.17025260819905
0.087956086832566,0.895581892102325,0.0164620210651091
0.671616094794146,0.0666806104581383,0.261703294747716
0.961286017069902,0.0153447516582226,0.0233692312718758
0.746346052651553,0.0932624796739332,0.160391467674514
0.974060802732087,0.0115265869282454,0.014412610339668
0.746583004068243,0.0904152603821207,0.163001735549637
0.763091360522424,0.101993106097323,0.134915533380252
0.98617264548858,0.0063758541013763,0.00745150041004391
0.8121052710304,0.110588279004943,0.0773064499646575
0.847528504946027,0.106648314653331,0.0458231804006428
0.993908702206363,0.00304489884738297,0.00304639894625381
0.890278717001291,0.0524991352362614,0.0572221477624476
0.531178615485471,0.414099080864928,0.0547223036496008
0.675280854159069,0.0555965301055744,0.269122615735356
0.833626949965304,0.0829862833885041,0.0833867666461924
0.815081798469156,0.136912446192974,0.0480057553378696
0.179337350257091,0.792549823943475,0.0281128257994346
0.822641729547679,0.106927324173737,0.070430946278584
0.653648849898403,0.0778927036607747,0.268458446440822
0.980740343092243,0.0115622680560928,0.00769738885166364
0.78836854481128,0.0714332411159931,0.140198214072727
0.701076395062996,0.224217097777554,0.0747065071594507
0.958296095826192,0.0272480066040407,0.0144558975697675
0.7193867203248,0.0815179490090211,0.199095330666179
0.677018154350645,0.210821744169628,0.112160101479728
0.798845825847137,0.054724443775396,0.146429730377467
0.752925140897267,0.0632349975414088,0.183839861561324
0.982532134349445,0.0075423471850418,0.00992551846551328
0.652289110005663,0.0561428245730597,0.291568065421277
0.783573539095902,0.0500338482982387,0.16639261260586
0.901306451405567,0.0372826416369346,0.0614109069574988
0.880407599953443,0.0864682289871213,0.033124171059436
0.342787249019135,0.0722941553829662,0.584918595597899
0.533178026164298,0.347778613952739,0.119043359882963
0.997006348975242,0.00162941503064629,0.00136423599411154
0.177833233611624,0.0410278347067139,0.781138931681662
0.508090854155833,0.192415278768106,0.299493867076061
0.812309660016458,0.146519719545092,0.0411706204384503
0.682102385311423,0.111692184263876,0.206205430424701
0.921554647805506,0.0514251335409344,0.0270202186535597
0.718142814748108,0.227210327668818,0.0546468575830745
0.989509218344128,0.00472913472197236,0.00576164693389963
0.857933634643944,0.102200910613565,0.0398654547424915
0.936948586417376,0.034358676521698,0.0286927370609261
0.875075028318301,0.0405179876221314,0.0844069840595677
0.582190370771106,0.214549242948796,0.203260386280098
0.861253368225598,0.0501768162305265,0.0885698155438759
0.601301973078554,0.0573615552952617,0.341336471626184
0.694998387028832,0.0569290570780944,0.248072555893073
0.975689979166689,0.00991633825657036,0.0143936825767408
0.721183294073241,0.220922111462266,0.0578945944644936
0.59269741669139,0.130895719668632,0.276406863639978
0.499958764202595,0.447825008184208,0.0522162276131968
0.89496760743046,0.0671487683208804,0.0378836242486597
0.717012947684747,0.0559292774461118,0.227057774869141
0.820263742137774,0.0530349507736313,0.126701307088595
0.799751802943421,0.0782234764600666,0.122024720596513
0.797511415763701,0.0650602251179485,0.137428359118351
0.723623186256063,0.20484653131286,0.0715302824310773
0.79316151876323,0.052280022976721,0.154558458260049
0.991833824789974,0.0037061820106856,0.00445999319934039
0.544246215892976,0.115253164526424,0.340500619580601
0.773787888541375,0.181585363802799,0.0446267476558255
0.740695018450508,0.148933272012168,0.110371709537324
0.655563522334164,0.0970036010058667,0.247432876659969
0.526002138326562,0.403240402393825,0.070757459279613
0.662367465963745,0.285996295037482,0.0516362389987737
0.878301718571944,0.0473574701350088,0.074340811293047
0.394346241047148,0.540970948301524,0.0646828106513287
0.846654155701104,0.0924296506908204,0.0609161936080752
0.531125771043699,0.0578056342434735,0.411068594712828
0.967057760815255,0.0136122600025841,0.0193299791821608
0.690003934524346,0.17228432785046,0.137711737625195
0.667947511268629,0.131983110431699,0.200069378299672
0.896091763842507,0.0752536211938739,0.0286546149636187
0.973405559640704,0.0108861648977997,0.0157082754614968
0.8220658214,0.0673133734490716,0.110620805150929
0.51949319913491,0.0848721702191171,0.395634630645973
0.776660527738748,0.134500040026236,0.088839432235016
